6.268000000000000568e-04
6.327000000000000375e-04
6.388000000000000232e-04
6.450000000000000655e-04
6.513000000000000560e-04
6.579000000000001080e-04
6.645999999999999998e-04
6.715999999999999531e-04
6.786999999999999630e-04
6.862000000000000911e-04
6.937999999999999506e-04
7.018000000000000366e-04
7.098999999999999625e-04
7.183000000000000582e-04
7.269000000000000504e-04
7.359000000000000524e-04
7.452000000000000074e-04
7.549000000000000805e-04
7.650000000000000550e-04
7.755999999999999873e-04
7.865999999999999295e-04
7.981999999999999946e-04
8.104000000000000743e-04
8.232000000000000602e-04
8.366000000000000606e-04
8.507000000000000239e-04
8.655000000000000583e-04
8.810000000000000556e-04
8.972999999999999639e-04
9.144999999999999483e-04
9.328999999999999619e-04
9.525000000000000046e-04
